version https://git-lfs.github.com/spec/v1
oid sha256:ae3a8cd73c0c950238cf7092394ec76c26e9169c24f7d3ff8085052681480c47
size 2315557
